%estado 0
pi0 = 1/(1 + (1/200) + ((1*5)/(200*50)) + ((1*5*5)/(200*50*50)) + ((1*5*5*10)/(200*50*50*10)));
pi0 = pi0*100

%estado 1
pi1 = pi0*((1/200));
pi1 = pi1*100

%estado 2
pi2 = pi0*(((1*5)/(200*50)));
pi2 = pi2*100

%estado 3
pi3 = pi0*(((1*5*5)/(200*50*50)));
pi3 = pi3*100

%estado 4
pi4 = pi0*(((1*5*5*10)/(200*50*50*10)));
pi4 = pi4*100
