%estado 0
pi0 = 1/(1 + (1/200) + ((1*5)/(200*50)) + ((1*5*5)/(200*50*50)) + ((1*5*5*10)/(200*50*50*10)) );

%estado 1
pi1 = pi0*((1/200));

%estado 2
pi2 = pi0*(((1*5)/(200*50)));

%estado 3
pi3 = pi0*(((1*5*5)/(200*50*50)));

%estado 4
pi4 = pi0*(((1*5*5*10)/(200*50*50*10)));

%media bit error rate
average = pi0*10^(-6) + pi1*10^(-5) + pi2*10^(-4) + pi3*10^(-3) + pi4*10^(-2)